i, nrow, alfa, Max_It, b, W1, W2, W3, W4, Ite, Aciertos
0,1,-0.5,100,-399.39,149.13,4600.6,18151,100.14,100,2
1,2,-0.5,200,-99.294,-49.822,-3099.8,-8000.5,0.58217,200,1
2,3,-0.5,300,-149.19,-74.524,-4650.7,-12001,0.47704,300,1
3,4,-0.5,400,-199.15,-99.871,-6200.9,-16000,0.86723,400,1
4,5,-0.5,500,-999.44,500.37,15499,47500,249.16,500,2
5,6,-0.5,600,0.44241,-0.081916,0.33014,-0.13177,-0.93859,1,2
6,7,-0.5,700,-349.17,-175.07,-10851,-28000,-0.39674,700,1
7,8,-0.5,800,-399.27,-199.17,-12400,-32000,-0.81505,800,1
8,9,-0.5,900,-449.48,-224.57,-13950,-36000,0.26134,900,1
9,10,-0.5,1000,-499.97,-249.7,-15499,-40000,0.11509,1000,1
0,11,-0.5,1100,-549.3,-275.56,-17049,-44000,-0.88563,1100,1
1,12,-0.5,1200,-2399.3,1200.3,37200,1.14e+05,599.33,1200,2
2,13,-0.5,1300,-649.64,-325.23,-20150,-52000,0.29926,1300,1
3,14,-0.5,1400,-2799.8,1400.8,43400,1.33e+05,700.51,1400,2
4,15,-0.5,1500,-2999.9,1500.4,46501,1.425e+05,749.35,1500,2
5,16,-0.5,1600,-3199.4,1600.6,49601,1.52e+05,800.82,1600,2
6,17,-0.5,1700,-849.18,-425.08,-26351,-68000,0.56285,1700,1
7,18,-0.5,1800,-3599.6,1799.4,55800,1.71e+05,900.94,1800,2
8,19,-0.5,1900,-949.94,-475.9,-29450,-76000,-0.014527,1900,1
9,20,-0.5,2000,-3999.4,1999.2,61999,1.9e+05,1000.7,2000,2
0,21,-0.5,2100,-1049.8,-525.33,-32550,-84001,0.73866,2100,1
1,22,-0.5,2200,-1099.2,-549.03,-34101,-88000,-0.24281,2200,1
2,23,-0.5,2300,-4600,2300.8,71300,2.185e+05,1149.2,2300,2
3,24,-0.5,2400,-4799.1,2400.8,74401,2.28e+05,1199.1,2400,2
4,25,-0.5,2500,-1249.6,-624.3,-38750,-1e+05,-0.86479,2500,1
5,26,-0.5,2600,-5200,2600.5,80600,2.47e+05,1300.7,2600,2
6,27,-0.5,2700,-1349.1,-675.47,-41851,-1.08e+05,-0.42137,2700,1
7,28,-0.5,2800,-1399.6,-700.67,-43399,-1.12e+05,-0.065401,2800,1
8,29,-0.5,2900,-1449.9,-724.68,-44949,-1.16e+05,-0.45435,2900,1
9,30,-0.5,3000,-5999.5,2999.4,93001,2.85e+05,1500.3,3000,2
0,31,-0.5,3100,-6199.8,3100.4,96099,2.945e+05,1550.3,3100,2
1,32,-0.5,3200,-6399.4,3200,99200,3.04e+05,1600.9,3200,2
2,33,-0.5,3300,-1649.9,-824.84,-51149,-1.32e+05,0.31799,3300,1
3,34,-0.5,3400,-1699.7,-849.78,-52699,-1.36e+05,0.043866,3400,1
4,35,-0.5,3500,-1749,-874.68,-54250,-1.4e+05,0.78233,3500,1
5,36,-0.5,3600,-7199.2,3599.4,1.116e+05,3.42e+05,1799.9,3600,2
6,37,-0.5,3700,-7399.3,3700.8,1.147e+05,3.515e+05,1849.6,3700,2
7,38,-0.5,3800,-7599.1,3800.8,1.178e+05,3.61e+05,1899.1,3800,2
8,39,-0.5,3900,-7799.1,3900.3,1.209e+05,3.705e+05,1950,3900,2
9,40,-0.5,4000,-7999.8,3999.3,1.24e+05,3.8e+05,2000,4000,2
0,41,-0.5,4100,-8199.5,4100.9,1.271e+05,3.895e+05,2049.2,4100,2
1,42,-0.5,4200,-2099.2,-1050,-65101,-1.68e+05,0.61041,4200,1
2,43,-0.5,4300,-8599.4,4299.2,1.333e+05,4.085e+05,2149.5,4300,2
3,44,-0.5,4400,-8799.6,4399.1,1.364e+05,4.18e+05,2200.4,4400,2
4,45,-0.5,4500,-2249.4,-1125,-69750,-1.8e+05,0.52985,4500,1
5,46,-0.5,4600,-9199.2,4600.1,1.426e+05,4.37e+05,2300.2,4600,2
6,47,-0.5,4700,-2349.6,-1174.9,-72851,-1.88e+05,0.69945,4700,1
7,48,-0.5,4800,-2399.2,-1200.5,-74400,-1.92e+05,0.51704,4800,1
8,49,-0.5,4900,-9799.9,4899.7,1.519e+05,4.655e+05,2449.4,4900,2
9,50,-0.5,5000,-9999.7,4999.6,1.55e+05,4.75e+05,2499.4,5000,2
0,51,-0.4,100,-199.21,79.686,2480.8,7600,40.124,100,2
1,52,-0.4,200,-399.92,159.7,4959.4,15201,79.152,200,2
2,53,-0.4,300,-599.54,239.62,7440.7,22800,119.65,300,2
3,54,-0.4,400,-799.74,320.35,9920.1,30401,159.15,400,2
4,55,-0.4,500,-199.69,-99.625,-6200.1,-16000,-0.90786,500,1
5,56,-0.4,600,-239.12,-120.15,-7439.8,-19201,0.68943,600,1
6,57,-0.4,700,-279.49,-139.14,-8679.9,-22400,0.54029,700,1
7,58,-0.4,800,-319.7,-159.77,-9919.6,-25601,0.42822,800,1
8,59,-0.4,900,-359.88,-180.53,-11160,-28800,-0.49887,900,1
9,60,-0.4,1000,-399.95,-199.66,-12400,-32001,0.13753,1000,1
0,61,-0.4,1100,-439.34,-219.35,-13641,-35200,-0.39562,1100,1
1,62,-0.4,1200,-479.7,-239.75,-14880,-38400,0.99217,1200,1
2,63,-0.4,1300,-2599.9,1040,32239,98801,519.48,1300,2
3,64,-0.4,1400,-559.5,-280.27,-17359,-44801,-0.42493,1400,1
4,65,-0.4,1500,-2999.9,1200.3,37200,1.14e+05,599.26,1500,2
5,66,-0.4,1600,-3199.5,1279.1,39680,1.216e+05,640.17,1600,2
6,67,-0.4,1700,-679.37,-339.71,-21080,-54400,0.21842,1700,1
7,68,-0.4,1800,-719.71,-359.48,-22321,-57600,-0.9546,1800,1
8,69,-0.4,1900,-3799.1,1519.7,47120,1.444e+05,760.51,1900,2
9,70,-0.4,2000,-799.2,-399.21,-24801,-64000,-0.90971,2000,1
0,71,-0.4,2100,-839.81,-420.37,-26041,-67200,-0.71523,2100,1
1,72,-0.4,2200,-4399.9,1760.7,54560,1.672e+05,879.53,2200,2
2,73,-0.4,2300,-4599.4,1839.1,57040,1.748e+05,920.25,2300,2
3,74,-0.4,2400,-959.24,-480.6,-29760,-76800,0.66817,2400,1
4,75,-0.4,2500,-4999,2000.7,62000,1.9e+05,999.14,2500,2
5,76,-0.4,2600,-5199.1,2080.4,64480,1.976e+05,1040,2600,2
6,77,-0.4,2700,-1079.8,-540.35,-33480,-86401,-0.73102,2700,1
7,78,-0.4,2800,-1119.7,-560.27,-34720,-89601,0.37747,2800,1
8,79,-0.4,2900,-1159.7,-579.29,-35960,-92800,-0.69467,2900,1
9,80,-0.4,3000,-5999.1,2399.8,74401,2.28e+05,1199.2,3000,2
0,81,-0.4,3100,-1239.9,-620.09,-38439,-99200,0.56438,3100,1
1,82,-0.4,3200,-6399.4,2559.4,79361,2.432e+05,1280.8,3200,2
2,83,-0.4,3300,-6599.1,2640.1,81841,2.508e+05,1320.8,3300,2
3,84,-0.4,3400,-1360,-679.63,-42160,-1.088e+05,-0.52314,3400,1
4,85,-0.4,3500,-1399.9,-700.24,-43399,-1.12e+05,0.73466,3500,1
5,86,-0.4,3600,-1439.8,-720.38,-44640,-1.152e+05,0.53491,3600,1
6,87,-0.4,3700,-1479,-739.23,-45880,-1.184e+05,0.44824,3700,1
7,88,-0.4,3800,-7599.1,3040.8,94240,2.888e+05,1520.7,3800,2
8,89,-0.4,3900,-1559.2,-780.54,-48360,-1.248e+05,-0.11464,3900,1
9,90,-0.4,4000,-7999.2,3200.4,99199,3.04e+05,1600.8,4000,2
0,91,-0.4,4100,-8199.2,3280.9,1.0168e+05,3.116e+05,1640.5,4100,2
1,92,-0.4,4200,-1679.9,-840.08,-52080,-1.344e+05,-0.089056,4200,1
2,93,-0.4,4300,-8599.3,3439.6,1.0664e+05,3.268e+05,1719.4,4300,2
3,94,-0.4,4400,-1759.7,-880.21,-54561,-1.408e+05,0.60364,4400,1
4,95,-0.4,4500,-1799.1,-899.51,-55800,-1.44e+05,0.63101,4500,1
5,96,-0.4,4600,-9200,3680.2,1.1408e+05,3.496e+05,1840.6,4600,2
6,97,-0.4,4700,-1879.8,-939.3,-58281,-1.504e+05,0.45607,4700,1
7,98,-0.4,4800,-1919.4,-959.52,-59519,-1.536e+05,0.45752,4800,1
8,99,-0.4,4900,-1959.3,-979.97,-60759,-1.568e+05,-0.59852,4900,1
9,100,-0.4,5000,-9999.7,4000.5,1.24e+05,3.8e+05,1999.1,5000,2
0,101,-0.3,100,-29.141,-14.698,-930.92,-2400.7,-0.52252,100,1
1,102,-0.3,200,-59.015,-29.171,-1861,-4800.5,0.21946,200,1
2,103,-0.3,300,-599.77,180.96,5580.2,17101,89.748,300,2
3,104,-0.3,400,-119.15,-59.864,-3719.9,-9600.4,0.7444,400,1
4,105,-0.3,500,-149.85,-74.704,-4649.6,-12000,-0.75602,500,1
5,106,-0.3,600,-1199.3,360.34,11160,34200,180.55,600,2
6,107,-0.3,700,-209.1,-104.53,-6510.9,-16801,-0.067441,700,1
7,108,-0.3,800,-1599.5,480.09,14879,45601,240.55,800,2
8,109,-0.3,900,-269.55,-135.95,-8369,-21601,0.80202,900,1
9,110,-0.3,1000,-299.62,-150.87,-9300.8,-24000,0.027061,1000,1
0,111,-0.3,1100,-329.83,-166,-10230,-26400,0.31277,1100,1
1,112,-0.3,1200,-2399.1,720.24,22320,68400,359.36,1200,2
2,113,-0.3,1300,-2599.8,779.32,24179,74101,390.79,1300,2
3,114,-0.3,1400,-419.32,-209.81,-13021,-33600,0.69266,1400,1
4,115,-0.3,1500,-449.24,-225.03,-13950,-36001,-0.54232,1500,1
5,116,-0.3,1600,-3200,959.79,29761,91200,479.21,1600,2
6,117,-0.3,1700,-3399,1020.9,31620,96901,509.95,1700,2
7,118,-0.3,1800,-539.26,-269.86,-16741,-43201,-0.73925,1800,1
8,119,-0.3,1900,-569.54,-285.72,-17671,-45600,-0.32801,1900,1
9,120,-0.3,2000,-3999.6,1199.2,37199,1.14e+05,600.58,2000,2
0,121,-0.3,2100,-4199.8,1259.6,39061,1.197e+05,629.81,2100,2
1,122,-0.3,2200,-4399.5,1319.1,40921,1.254e+05,660.19,2200,2
2,123,-0.3,2300,-689.95,-344.21,-21391,-55201,-0.88689,2300,1
3,124,-0.3,2400,-4799.1,1440.4,44640,1.368e+05,719.82,2400,2
4,125,-0.3,2500,-4999.5,1500.4,46501,1.425e+05,749.87,2500,2
5,126,-0.3,2600,-5199.7,1560,48360,1.482e+05,780.71,2600,2
6,127,-0.3,2700,-809.92,-404.56,-25109,-64800,-0.68639,2700,1
7,128,-0.3,2800,-839.78,-419.5,-26040,-67200,0.58485,2800,1
8,129,-0.3,2900,-5799.7,1739.6,53940,1.653e+05,869.81,2900,2
9,130,-0.3,3000,-899.51,-449.84,-27899,-72001,-0.70251,3000,1
0,131,-0.3,3100,-929.94,-464.22,-28830,-74400,-0.87058,3100,1
1,132,-0.3,3200,-959.96,-479.84,-29759,-76800,-0.30314,3200,1
2,133,-0.3,3300,-989.17,-495.22,-30689,-79201,-0.65724,3300,1
3,134,-0.3,3400,-6799.5,2039,63240,1.938e+05,1020.8,3400,2
4,135,-0.3,3500,-6999.9,2100.7,65100,1.995e+05,1049.6,3500,2
5,136,-0.3,3600,-1079.9,-539.61,-33480,-86400,-0.30683,3600,1
6,137,-0.3,3700,-1109.3,-555.25,-34410,-88800,0.82878,3700,1
7,138,-0.3,3800,-7599.2,2279.9,70680,2.166e+05,1141,3800,2
8,139,-0.3,3900,-1169,-584.56,-36269,-93601,0.14307,3900,1
9,140,-0.3,4000,-1199.6,-599.93,-37201,-96000,-0.54375,4000,1
0,141,-0.3,4100,-8199.5,2459.2,76259,2.337e+05,1229.5,4100,2
1,142,-0.3,4200,-8399,2520,78119,2.394e+05,1259.9,4200,2
2,143,-0.3,4300,-1289.8,-644.86,-39989,-1.032e+05,-0.76488,4300,1
3,144,-0.3,4400,-8799.1,2639.1,81839,2.508e+05,1320.5,4400,2
4,145,-0.3,4500,-8999.2,2699.2,83699,2.565e+05,1350,4500,2
5,146,-0.3,4600,-1379.1,-690.38,-42781,-1.104e+05,-0.16944,4600,1
6,147,-0.3,4700,-1409.3,-705.68,-43711,-1.128e+05,0.91539,4700,1
7,148,-0.3,4800,-1439.1,-720.59,-44640,-1.152e+05,-0.1014,4800,1
8,149,-0.3,4900,-9799.9,2940.2,91139,2.793e+05,1469.4,4900,2
9,150,-0.3,5000,-9999.8,2999.4,93000,2.85e+05,1499.9,5000,2
0,151,-0.2,100,-19.103,-10.559,-619.22,-1600.4,-0.49988,100,1
1,152,-0.2,200,-39.175,-20.761,-1239.7,-3200.3,-0.34781,200,1
2,153,-0.2,300,-599.67,120.1,3720.3,11401,60.19,300,2
3,154,-0.2,400,-79.839,-40.577,-2479.7,-6400.5,0.9513,400,1
4,155,-0.2,500,-999.59,200.59,6200.8,19000,100.23,500,2
5,156,-0.2,600,-1199.9,240.94,7440.3,22801,119.83,600,2
6,157,-0.2,700,-1399.5,279.99,8680.7,26600,139.89,700,2
7,158,-0.2,800,-159.88,-80.688,-4959.6,-12801,0.35475,800,1
8,159,-0.2,900,-1799.6,360.19,11161,34200,180.37,900,2
9,160,-0.2,1000,-1999.3,399.55,12401,38001,200.46,1000,2
0,161,-0.2,1100,-219.79,-109.71,-6820.8,-17600,0.70309,1100,1
1,162,-0.2,1200,-239.66,-119.35,-7440.6,-19200,-0.40014,1200,1
2,163,-0.2,1300,-2599.4,520.86,16119,49400,259.75,1300,2
3,164,-0.2,1400,-2800,559.66,17361,53201,280.1,1400,2
4,165,-0.2,1500,-2999.7,600.07,18601,57000,299.44,1500,2
5,166,-0.2,1600,-319.53,-160.87,-9920.3,-25600,-0.47879,1600,1
6,167,-0.2,1700,-3399.7,679.19,21079,64601,339.14,1700,2
7,168,-0.2,1800,-3599.6,720.58,22320,68401,360.1,1800,2
8,169,-0.2,1900,-3799.3,759.8,23559,72200,380.44,1900,2
9,170,-0.2,2000,-399.1,-199.62,-12400,-32001,-0.2998,2000,1
0,171,-0.2,2100,-419.92,-209.51,-13020,-33601,-0.67409,2100,1
1,172,-0.2,2200,-439.53,-220.13,-13640,-35201,-0.7069,2200,1
2,173,-0.2,2300,-459.1,-229.54,-14260,-36801,-0.71682,2300,1
3,174,-0.2,2400,-4799.3,959.7,29759,91201,480.61,2400,2
4,175,-0.2,2500,-4999.1,999.98,31000,95001,499.36,2500,2
5,176,-0.2,2600,-5199,1040.6,32240,98800,520.78,2600,2
6,177,-0.2,2700,-5399.4,1079.1,33481,1.026e+05,539.9,2700,2
7,178,-0.2,2800,-5599.6,1120.6,34720,1.064e+05,559.12,2800,2
8,179,-0.2,2900,-5799.4,1159.8,35960,1.102e+05,580.77,2900,2
9,180,-0.2,3000,-5999.9,1200.2,37201,1.14e+05,600.5,3000,2
0,181,-0.2,3100,-6199.5,1239.4,38439,1.178e+05,619.76,3100,2
1,182,-0.2,3200,-6399.1,1279.1,39679,1.216e+05,639.32,3200,2
2,183,-0.2,3300,-6599.9,1319.5,40919,1.254e+05,659.17,3300,2
3,184,-0.2,3400,-679.68,-339.61,-21081,-54401,-0.4509,3400,1
4,185,-0.2,3500,-7000,1400.4,43400,1.33e+05,700.15,3500,2
5,186,-0.2,3600,-719.41,-360.3,-22320,-57601,-0.45535,3600,1
6,187,-0.2,3700,-739.69,-370.99,-22941,-59200,-0.66897,3700,1
7,188,-0.2,3800,-7599.2,1519.5,47120,1.444e+05,760.08,3800,2
8,189,-0.2,3900,-7799.1,1559.7,48361,1.482e+05,780.1,3900,2
9,190,-0.2,4000,-7999,1599.9,49600,1.52e+05,800.08,4000,2
0,191,-0.2,4100,-819.78,-410.79,-25420,-65600,-0.054568,4100,1
1,192,-0.2,4200,-839.22,-420.36,-26041,-67201,-0.96905,4200,1
2,193,-0.2,4300,-859.48,-430.96,-26659,-68801,0.21807,4300,1
3,194,-0.2,4400,-8799.2,1760.4,54560,1.672e+05,880.01,4400,2
4,195,-0.2,4500,-8999.5,1799.7,55801,1.71e+05,900.1,4500,2
5,196,-0.2,4600,-9199.5,1839.4,57040,1.748e+05,920.75,4600,2
6,197,-0.2,4700,-939.14,-469.5,-29141,-75201,-0.74146,4700,1
7,198,-0.2,4800,-959.6,-479.41,-29761,-76801,0.35114,4800,1
8,199,-0.2,4900,-979.66,-489.13,-30380,-78400,-0.61995,4900,1
9,200,-0.2,5000,-9999.2,1999.9,61999,1.9e+05,999.88,5000,2
0,201,-0.1,100,-199.88,20.635,619.46,1900.3,9.5156,100,2
1,202,-0.1,200,-19.788,-10.186,-620.86,-1600.8,0.059112,200,1
2,203,-0.1,300,-599.05,59.052,1861,5700.5,30.964,300,2
3,204,-0.1,400,-799.05,79.943,2481,7600.7,39.618,400,2
4,205,-0.1,500,-49.631,-25.773,-1550.8,-4001,-0.39369,500,1
5,206,-0.1,600,-1199.2,119.24,3720.4,11401,59.645,600,2
6,207,-0.1,700,-1400,140.34,4339.2,13300,70.765,700,2
7,208,-0.1,800,-1599.8,159.2,4959.7,15201,80.998,800,2
8,209,-0.1,900,-89.744,-45.655,-2790.8,-7199.8,-0.17622,900,1
9,210,-0.1,1000,-1999.4,199.4,6199.4,19001,100.26,1000,2
0,211,-0.1,1100,-2199.8,220.32,6819.4,20900,110.75,1100,2
1,212,-0.1,1200,-119.51,-59.709,-3719.2,-9600.5,0.17244,1200,1
2,213,-0.1,1300,-2599.6,260.68,8059.1,24700,130.11,1300,2
3,214,-0.1,1400,-139.61,-69.441,-4340.2,-11200,0.31894,1400,1
4,215,-0.1,1500,-149.02,-75.643,-4650.9,-12001,0.80363,1500,1
5,216,-0.1,1600,-159.24,-80.032,-4960.7,-12800,0.98706,1600,1
6,217,-0.1,1700,-169.59,-84.068,-5269.1,-13601,-0.80496,1700,1
7,218,-0.1,1800,-179.8,-90.738,-5579.5,-14400,-0.10043,1800,1
8,219,-0.1,1900,-3799.4,380.47,11779,36101,189.48,1900,2
9,220,-0.1,2000,-199.81,-100.31,-6199.6,-16001,-0.63842,2000,1
0,221,-0.1,2100,-209.04,-105.28,-6510.2,-16801,0.33811,2100,1
1,222,-0.1,2200,-4399.8,439.86,13641,41801,220.99,2200,2
2,223,-0.1,2300,-4599.4,459.66,14261,43701,230.92,2300,2
3,224,-0.1,2400,-239.47,-119.78,-7440.3,-19200,0.19998,2400,1
4,225,-0.1,2500,-249.07,-125.03,-7749.7,-20001,-0.62015,2500,1
5,226,-0.1,2600,-259.21,-129.83,-8061,-20800,-0.90948,2600,1
6,227,-0.1,2700,-5399.6,540.42,16740,51300,269.42,2700,2
7,228,-0.1,2800,-5599.1,560.03,17361,53200,279.96,2800,2
8,229,-0.1,2900,-5799.6,579.96,17980,55100,290.94,2900,2
9,230,-0.1,3000,-299.2,-150.52,-9300.5,-24001,0.96531,3000,1
0,231,-0.1,3100,-6199.3,620.13,19220,58900,310.99,3100,2
1,232,-0.1,3200,-6399.1,639.2,19840,60800,319.67,3200,2
2,233,-0.1,3300,-6599.1,660.26,20461,62700,329.6,3300,2
3,234,-0.1,3400,-6799.7,679.03,21079,64601,340.43,3400,2
4,235,-0.1,3500,-6999.4,700.66,21701,66501,350.29,3500,2
5,236,-0.1,3600,-7199,719.24,22321,68400,359.52,3600,2
6,237,-0.1,3700,-369.12,-185.91,-11471,-29601,0.035686,3700,1
7,238,-0.1,3800,-7599.6,759.8,23560,72200,379.15,3800,2
8,239,-0.1,3900,-389.73,-195.29,-12091,-31201,-0.77542,3900,1
9,240,-0.1,4000,-399.85,-200.47,-12399,-32001,0.01487,4000,1
0,241,-0.1,4100,-409.99,-204.16,-12709,-32801,0.74314,4100,1
1,242,-0.1,4200,-8399.9,840.44,26041,79800,419.49,4200,2
2,243,-0.1,4300,-8599.8,860.69,26660,81701,429.72,4300,2
3,244,-0.1,4400,-439.49,-220.98,-13641,-35200,-0.39834,4400,1
4,245,-0.1,4500,-449.82,-225.23,-13949,-36001,0.55942,4500,1
5,246,-0.1,4600,-459.63,-229.39,-14260,-36800,-0.28078,4600,1
6,247,-0.1,4700,-9399.5,939.77,29140,89301,470.32,4700,2
7,248,-0.1,4800,-9599.5,959.4,29759,91201,479.73,4800,2
8,249,-0.1,4900,-489.94,-245.87,-15189,-39200,0.82384,4900,1
9,250,-0.1,5000,-10000,1000.2,31000,95000,499.67,5000,2
0,251,-2.7756e-17,100,-87.263,-0.42843,0.8625,0.5997,-0.33785,100,1
1,252,-2.7756e-17,200,0.78418,0.13488,-0.96787,-0.14897,-0.94124,200,1
2,253,-2.7756e-17,300,-69.715,0.96163,0.37989,0.55937,0.19596,300,1
3,254,-2.7756e-17,400,-1.8492,0.49251,0.38775,-0.11495,-0.16174,2,2
4,255,-2.7756e-17,500,-31.296,0.080584,-0.60728,0.49837,0.43132,500,1
5,256,-2.7756e-17,600,-89.658,0.47257,0.31337,0.78219,-0.017841,600,1
6,257,-2.7756e-17,700,0.8076,0.92542,-0.75011,-0.58278,-0.69006,700,1
7,258,-2.7756e-17,800,-18.311,-0.86527,-0.018794,0.19684,-0.26996,800,1
8,259,-2.7756e-17,900,-116.99,0.71381,0.80128,0.90299,0.80009,900,1
9,260,-2.7756e-17,1000,-12.669,-0.91614,0.74178,-0.1112,-0.11492,8,2
0,261,-2.7756e-17,1100,-102.98,0.87935,0.42568,0.87781,0.061912,1100,1
1,262,-2.7756e-17,1200,-61.449,0.64078,-0.42501,0.73476,0.72042,1200,1
2,263,-2.7756e-17,1300,0.050938,-0.085523,0.70005,-0.30444,-0.52308,1300,2
3,264,-2.7756e-17,1400,-85.296,-0.73008,0.15627,0.80874,0.54233,1400,1
4,265,-2.7756e-17,1500,-80.449,-0.15518,0.91571,0.51118,-0.26799,1500,1
5,266,-2.7756e-17,1600,-31.578,-0.55714,-0.48811,0.47051,-0.36891,1600,0
6,267,-2.7756e-17,1700,0.72801,0.49688,-0.29382,-0.10708,-0.93213,1700,1
7,268,-2.7756e-17,1800,0.030952,0.24275,-0.74841,-0.56909,-0.38325,1800,1
8,269,-2.7756e-17,1900,0.80275,-0.59709,-0.86514,-0.9997,0.27286,1900,1
9,270,-2.7756e-17,2000,0.19414,-0.21132,-0.47453,-0.43234,0.42729,2000,1
0,271,-2.7756e-17,2100,-72.12,0.16016,-0.50506,0.87181,0.12911,2100,1
1,272,-2.7756e-17,2200,-25.936,0.98535,0.89251,-0.043247,-0.75001,2200,1
2,273,-2.7756e-17,2300,-88.175,-0.22667,0.11649,0.84486,0.86862,2300,1
3,274,-2.7756e-17,2400,-75.549,-0.63284,-0.21378,0.82556,0.068341,2400,1
4,275,-2.7756e-17,2500,0.71397,-0.42881,0.24555,-0.63646,0.85429,2500,1
5,276,-2.7756e-17,2600,-93.886,0.66474,-0.0070348,0.92643,0.68663,2600,1
6,277,-2.7756e-17,2700,0.94846,0.87236,0.37673,-0.38578,0.72131,2700,1
7,278,-2.7756e-17,2800,0.81502,0.36368,0.12639,-0.70005,0.97242,2800,1
8,279,-2.7756e-17,2900,0.27621,0.82444,0.36793,-0.39394,0.46359,2900,1
9,280,-2.7756e-17,3000,0.74402,0.23048,-0.4103,0.036551,0.47785,3000,1
0,281,-2.7756e-17,3100,0.932,-0.19308,-0.67814,-0.9552,-0.78824,3100,1
1,282,-2.7756e-17,3200,0.081003,0.2311,0.26657,-0.98663,-0.57027,3200,1
2,283,-2.7756e-17,3300,0.26885,-0.67707,-0.81639,-0.73173,-0.85641,3300,1
3,284,-2.7756e-17,3400,-104.4,-0.91987,0.48816,0.88967,-0.55728,3400,1
4,285,-2.7756e-17,3500,0.92989,-0.12781,-0.65288,-0.61021,-0.62176,3500,1
5,286,-2.7756e-17,3600,0.84981,-0.018912,0.59265,-0.6304,-0.54443,3600,1
6,287,-2.7756e-17,3700,0.38234,-0.011426,0.97148,-0.65555,0.90021,3700,1
7,288,-2.7756e-17,3800,0.18171,-0.10473,-0.28022,-0.71107,0.63328,3800,1
8,289,-2.7756e-17,3900,0.43032,0.66595,-0.18741,-0.1571,0.066508,3900,1
9,290,-2.7756e-17,4000,0.35785,-0.99516,0.32932,-0.48642,0.18385,4000,1
0,291,-2.7756e-17,4100,-30.539,0.096107,0.56138,0.11776,-0.39662,4100,1
1,292,-2.7756e-17,4200,-102.25,0.84184,0.77236,0.75895,0.94069,4200,1
2,293,-2.7756e-17,4300,-21.911,-0.96891,0.98468,-0.088474,0.040997,13,2
3,294,-2.7756e-17,4400,-24.313,0.57021,0.43539,0.090803,0.48827,4400,1
4,295,-2.7756e-17,4500,0.68738,0.22259,-0.83532,-0.246,-0.19006,4500,1
5,296,-2.7756e-17,4600,-27.155,-0.18997,0.10893,0.23653,-0.16508,4600,1
6,297,-2.7756e-17,4700,0.21737,0.10302,0.6263,-0.36921,0.71873,4700,1
7,298,-2.7756e-17,4800,0.96447,-0.76929,-0.82826,-0.69073,0.60436,4800,1
8,299,-2.7756e-17,4900,0.18662,-0.60642,0.5561,-0.94703,-0.77224,4900,1
9,300,-2.7756e-17,5000,0.95021,0.85081,0.09942,-0.93765,0.75311,5000,1
0,301,0.1,100,-7.1995,-0.3844,5.1658,-1.7604,-0.53949,12,2
1,302,0.1,200,-26.563,-0.23801,17.927,-5.7384,0.28358,39,2
2,303,0.1,300,-11.286,0.47443,7.7738,-2.4766,-0.084383,17,2
3,304,0.1,400,-23.055,-1.3338,16.671,-5.3898,0.36135,34,2
4,305,0.1,500,-23.095,-0.37127,16.141,-5.2372,0.13849,34,2
5,306,0.1,600,-23.333,-0.97889,16.56,-5.2474,-0.85652,34,2
6,307,0.1,700,0.028783,0.62156,0.79541,-0.30657,-0.96819,1,2
7,308,0.1,800,-23.207,-0.35072,16.779,-5.4746,0.93161,34,2
8,309,0.1,900,-4.375,-0.090114,2.9045,-1.0537,0.80746,7,2
9,310,0.1,1000,-10.865,-0.35135,8.4588,-2.6967,-0.90104,17,2
0,311,0.1,1100,-10.746,-1.4203,8,-2.5793,-0.048019,17,2
1,312,0.1,1200,-10.894,-1.4021,8.7166,-2.921,0.28111,17,2
2,313,0.1,1300,-19.168,-0.69577,14.058,-4.6313,-0.59709,28,2
3,314,0.1,1400,-23.278,-0.40559,16.371,-5.213,-0.68063,34,2
4,315,0.1,1500,-18.918,-0.59218,13.494,-4.4085,0.56405,28,2
5,316,0.1,1600,-11.839,0.41954,7.5103,-2.4405,0.59004,18,2
6,317,0.1,1700,-18.38,-0.49175,13.894,-4.5289,0.50446,28,2
7,318,0.1,1800,-7.8849,0.63928,6.0659,-1.9932,-0.98824,12,2
8,319,0.1,1900,-7.6715,-1.1581,5.8739,-1.8928,0.43904,12,2
9,320,0.1,2000,-26.26,-2.1746,17.84,-5.734,-0.96958,39,2
0,321,0.1,2100,-19.365,0.099132,13.156,-4.2096,0.0801,29,2
1,322,0.1,2200,-18.39,-0.88531,12.419,-4.0793,-0.36258,28,2
2,323,0.1,2300,-18.752,-0.054278,13.602,-4.5079,-0.53195,28,2
3,324,0.1,2400,-26.853,-1.4144,19.11,-6.2149,-0.46916,39,2
4,325,0.1,2500,-23.169,-0.18147,15.848,-5.0349,-0.62357,34,2
5,326,0.1,2600,-27.601,-1.8298,18.49,-5.936,-0.18483,40,2
6,327,0.1,2700,-23.252,-0.227,16.361,-5.2006,0.60985,34,2
7,328,0.1,2800,-10.945,-1.03,7.1342,-2.4316,-0.13652,17,2
8,329,0.1,2900,-15.687,0.2587,11.454,-3.8049,0.16736,23,2
9,330,0.1,3000,-18.953,-1.0516,14.186,-4.5714,-0.6591,28,2
0,331,0.1,3100,-22.795,-0.80962,15.971,-5.1683,-0.52961,34,2
1,332,0.1,3200,-21.881,-0.63444,15.209,-4.833,-0.97321,33,2
2,333,0.1,3300,-7.8778,-0.61485,5.144,-1.8486,-0.62795,12,2
3,334,0.1,3400,-10.706,-0.184,7.9173,-2.6,-0.60696,17,2
4,335,0.1,3500,-7.343,0.14483,5.3867,-1.9483,-0.18657,12,2
5,336,0.1,3600,-15.328,-0.23874,10.187,-3.4309,-0.84836,23,2
6,337,0.1,3700,-7.4955,-0.55169,6.1222,-2.144,0.89017,12,2
7,338,0.1,3800,-7.3476,-0.86501,6.0452,-2.012,-0.15285,12,2
8,339,0.1,3900,-10.565,-1.0029,7.5143,-2.5805,0.16125,17,2
9,340,0.1,4000,-3.7174,0.50532,2.8878,-1.03,0.95796,7,2
0,341,0.1,4100,-15.447,-0.12904,10.298,-3.439,-0.90721,23,2
1,342,0.1,4200,-19.794,-1.186,12.659,-4.0355,-0.26849,29,2
2,343,0.1,4300,-7.867,0.21538,5.1664,-1.8474,0.30094,12,2
3,344,0.1,4400,-14.863,-0.89198,11.518,-3.809,0.86616,23,2
4,345,0.1,4500,-19.453,-0.38852,13.478,-4.3514,-1.0785,29,2
5,346,0.1,4600,-3.4904,-0.94393,1.7968,-0.62862,-0.054321,6,2
6,347,0.1,4700,-11.343,0.21636,7.947,-2.7001,-0.50909,17,2
7,348,0.1,4800,-23.259,-1.6395,16.031,-5.078,-0.39789,34,2
8,349,0.1,4900,-27.739,-1.5912,18.844,-6.0153,0.3357,40,2
9,350,0.1,5000,-18.557,-0.70454,13.061,-4.2558,-0.15145,28,2
0,351,0.2,100,-13.426,-1.6798,21.453,-7.2943,-0.75995,23,2
1,352,0.2,200,-22.562,-1.4987,38.155,-12.496,-0.43076,39,2
2,353,0.2,300,-23.941,-1.8958,37.54,-12.274,-0.85652,40,2
3,354,0.2,400,-6.6867,0.28879,9.6925,-3.6473,0.0033693,12,2
4,355,0.2,500,-12.665,-1.4774,21.637,-7.0788,0.0578,23,2
5,356,0.2,600,-22.556,-1.4208,37.131,-12.272,-0.81933,39,2
6,357,0.2,700,-6.5334,-0.87259,11.115,-3.8919,-0.047519,12,2
7,358,0.2,800,-6.126,-1.4294,9.7554,-3.3068,-0.32591,12,2
8,359,0.2,900,-16.186,-2.4911,26.775,-8.7704,-0.50131,28,2
9,360,0.2,1000,-13.254,-0.96907,21.939,-7.3691,-0.5351,23,2
0,361,0.2,1100,-16.317,-0.77878,26.203,-8.6916,0.48887,28,2
1,362,0.2,1200,-23.239,-2.7423,36.203,-11.872,-0.11173,39,2
2,363,0.2,1300,-23.955,-2.0931,37.888,-12.491,-0.61378,40,2
3,364,0.2,1400,-23.338,-2.3346,36.505,-13.795,-1.1201,40,2
4,365,0.2,1500,-23.419,-2.8138,36.624,-13.813,0.060153,40,2
5,366,0.2,1600,-6.1939,-0.22697,11.183,-3.7026,0.82382,12,2
6,367,0.2,1700,-5.8305,-0.22711,11.027,-3.62,0.83974,12,2
7,368,0.2,1800,-6.6268,-1.0421,9.7896,-3.3869,0.36547,12,2
8,369,0.2,1900,-24.006,-2.538,38.679,-12.724,-0.080692,40,2
9,370,0.2,2000,-6.3528,-0.44703,10.841,-4.118,0.31789,12,2
0,371,0.2,2100,-6.1588,0.0032088,11.015,-4.1429,0.24039,12,2
1,372,0.2,2200,-13.551,-0.6245,22.187,-7.5433,0.011646,23,2
2,373,0.2,2300,-13.138,-2.1836,21.917,-7.1681,0.34332,23,2
3,374,0.2,2400,-19.808,-1.1772,31.36,-10.228,-1.1671,34,2
4,375,0.2,2500,-23.375,-2.2635,36.225,-11.82,-0.27957,39,2
5,376,0.2,2600,-22.717,-1.4428,36.464,-11.899,0.72688,39,2
6,377,0.2,2700,-22.4,-3.3301,37.08,-12.12,0.53222,39,2
7,378,0.2,2800,-19.67,-2.5851,32.972,-10.901,-0.53669,34,2
8,379,0.2,2900,-19.915,-2.1026,32.293,-10.551,-0.95404,34,2
9,380,0.2,3000,0.14116,0.74808,0.28285,-0.10353,-0.72571,1,2
0,381,0.2,3100,-6.2414,0.26519,11.544,-4.1422,0.51208,12,2
1,382,0.2,3200,-19.923,-1.5867,33.152,-10.916,-0.49799,34,2
2,383,0.2,3300,-10.507,-1.7501,15.912,-5.2231,-1.0617,18,2
3,384,0.2,3400,-23.894,-3.0884,38.03,-12.453,0.095571,40,2
4,385,0.2,3500,-5.8576,-0.16911,10.106,-3.658,-0.73617,12,2
5,386,0.2,3600,-16.148,-1.8108,26.316,-8.6604,-0.0018519,28,2
6,387,0.2,3700,-13.128,-2.2676,21.976,-7.1844,0.56531,23,2
7,388,0.2,3800,-10.476,-0.50772,16.951,-5.6555,-1.0592,18,2
8,389,0.2,3900,-6.7662,-0.84927,11.165,-3.8217,-0.055728,12,2
9,390,0.2,4000,-6.5816,-1.3399,11.464,-3.8185,0.012671,12,2
0,391,0.2,4100,-22.609,-1.4959,36.925,-12.083,0.66162,39,2
1,392,0.2,4200,-13.334,-1.518,21.448,-7.089,0.32696,23,2
2,393,0.2,4300,-13.103,-0.95369,21.322,-7.054,-0.39825,23,2
3,394,0.2,4400,-12.604,-1.8321,20.748,-6.7772,-1.0494,23,2
4,395,0.2,4500,-12.663,-1.2008,21.778,-7.2775,0.65414,23,2
5,396,0.2,4600,-6.4259,-1.6283,9.8794,-3.5491,0.74419,12,2
6,397,0.2,4700,-15.667,-2.2676,26.752,-8.9487,-0.91299,28,2
7,398,0.2,4800,-22.507,-2.5967,37.77,-12.515,0.21709,39,2
8,399,0.2,4900,-17.375,-1.5412,27.648,-9.0084,-0.89982,29,2
9,400,0.2,5000,-13.425,-0.57747,20.896,-6.8201,0.23139,23,2
0,401,0.3,100,-8.2277,-2.3306,24.258,-8.1025,0.18214,18,2
1,402,0.3,200,-4.8092,-1.9093,15.512,-5.1263,0.71387,12,2
2,403,0.3,300,-19.355,-3.5728,56.025,-18.648,-0.10487,40,2
3,404,0.3,400,-4.8802,-0.73404,15.988,-5.8047,-0.53079,12,2
4,405,0.3,500,-5.347,-0.47301,16.078,-6.1275,0.099479,12,2
5,406,0.3,600,-8.1222,-0.65842,24.03,-8.0677,-1.2505,18,2
6,407,0.3,700,-20.077,-3.8696,56.361,-21.372,0.54363,40,2
7,408,0.3,800,-16.264,-3.401,47.916,-15.924,-0.089661,34,2
8,409,0.3,900,-19.319,-3.5735,56.427,-18.72,-1.3669,40,2
9,410,0.3,1000,-19.985,-3.6666,55.873,-18.488,-1.1804,40,2
0,411,0.3,1100,-20.236,-2.9425,56.741,-18.676,-1.3128,40,2
1,412,0.3,1200,-10.498,-1.3907,32.749,-11.142,-0.18096,23,2
2,413,0.3,1300,-19.667,-3.781,56.639,-18.664,-1.4343,40,2
3,414,0.3,1400,-18.802,-3.978,55.733,-18.578,-0.99711,39,2
4,415,0.3,1500,-5.0113,-1.3139,14.93,-5.57,-0.56284,12,2
5,416,0.3,1600,-16.346,-3.658,47.832,-15.736,-0.61158,34,2
6,417,0.3,1700,-18.669,-2.8215,56.221,-18.507,-0.097221,39,2
7,418,0.3,1800,-5.2963,-0.81866,15.417,-5.7378,0.39106,12,2
8,419,0.3,1900,-5.4502,-1.663,15.514,-5.6141,0.26072,12,2
9,420,0.3,2000,-19.429,-4.6632,56.763,-18.648,-0.5562,40,2
0,421,0.3,2100,-5.4406,-0.82277,15.443,-5.2909,-0.68508,12,2
1,422,0.3,2200,-5.2116,-0.70884,15.352,-5.3481,-0.35181,12,2
2,423,0.3,2300,-4.9657,-0.52255,16.375,-5.7279,-0.50172,12,2
3,424,0.3,2400,-16.175,-3.471,47.906,-15.746,-1.2797,34,2
4,425,0.3,2500,-5.5723,-0.22999,15.664,-5.5972,0.34468,12,2
5,426,0.3,2600,-11.15,-2.6981,32.606,-11.216,-0.24464,23,2
6,427,0.3,2700,-19.782,-3.5446,56.951,-18.961,0.039465,40,2
7,428,0.3,2800,-5.6052,-0.23113,15.137,-5.1077,0.85409,12,2
8,429,0.3,2900,-4.9708,-1.2195,15.546,-5.3075,0.8959,12,2
9,430,0.3,3000,-20.142,-3.3823,56.383,-21.368,0.16429,40,2
0,431,0.3,3100,-4.805,-0.52986,15.084,-5.0647,0.21793,12,2
1,432,0.3,3200,-10.998,-2.7117,32.776,-12.517,-0.55316,23,2
2,433,0.3,3300,-4.9282,-0.48819,16.578,-6.181,-0.1952,12,2
3,434,0.3,3400,-5.5145,-1.5518,16.631,-5.6356,0.95479,12,2
4,435,0.3,3500,-5.0955,-1.6176,15.526,-5.496,-0.26453,12,2
5,436,0.3,3600,-17.085,-3.3831,47.801,-18.229,0.33087,34,2
6,437,0.3,3700,-5.1926,-0.42375,15.6,-5.569,0.91779,12,2
7,438,0.3,3800,-5.1957,-0.71766,15.759,-5.301,0.30847,12,2
8,439,0.3,3900,-19.431,-4.013,57.07,-18.802,-1.5047,40,2
9,440,0.3,4000,-5.5359,-0.74627,16.121,-6.1561,0.0074147,12,2
0,441,0.3,4100,-17.796,-4.1137,48.971,-18.715,-0.54258,35,2
1,442,0.3,4200,-5.0999,-1.1999,15.349,-5.6801,0.0062038,12,2
2,443,0.3,4300,-13.204,-3.1497,39.175,-12.952,0.87909,28,2
3,444,0.3,4400,-16.503,-3.0415,47.891,-15.915,0.40752,34,2
4,445,0.3,4500,-19.511,-4.7129,57.566,-18.98,-0.31809,40,2
5,446,0.3,4600,-5.1536,-0.99699,15.482,-5.7433,-0.14906,12,2
6,447,0.3,4700,-18.704,-4.2184,56.289,-18.574,-0.79976,39,2
7,448,0.3,4800,-19.43,-2.9553,56.566,-18.824,0.40038,39,2
8,449,0.3,4900,-5.6429,-0.38391,16.356,-5.4482,0.52699,12,2
9,450,0.3,5000,-5.4444,-0.8303,16.697,-5.9677,0.012343,12,2
0,451,0.4,100,-4.4114,-0.45679,21.362,-7.0632,-0.91712,12,2
1,452,0.4,200,-8.8446,-2.7605,42.682,-16.319,0.29666,23,2
2,453,0.4,300,-4.4787,-0.69914,21.286,-7.6538,-0.48685,12,2
3,454,0.4,400,-4.1586,-2.3188,21.976,-7.4936,0.60416,12,2
4,455,0.4,500,-14.947,-5.6497,73.708,-24.506,-0.84155,39,2
5,456,0.4,600,-3.8402,-2.0856,21.433,-7.9431,-0.61756,12,2
6,457,0.4,700,-13.519,-3.97,62.904,-24.091,0.3642,34,2
7,458,0.4,800,-3.6214,-1.1503,22.083,-7.8664,0.38623,12,2
8,459,0.4,900,-6.6902,-1.4018,32.697,-11.034,-1.0724,18,2
9,460,0.4,1000,-4.0809,-1.1453,21.8,-8.1645,-0.89033,12,2
0,461,0.4,1100,-3.8142,-2.1309,20.934,-7.6068,-0.74083,12,2
1,462,0.4,1200,-3.9926,-2.2994,21.831,-7.2661,-0.60621,12,2
2,463,0.4,1300,-15.817,-4.0066,74.685,-24.722,-1.3541,40,2
3,464,0.4,1400,-4.5636,-1.0578,21.646,-7.9911,0.28926,12,2
4,465,0.4,1500,-8.348,-3.4123,42.899,-16.384,0.4981,23,2
5,466,0.4,1600,-4.3649,-2.2013,21.396,-7.5588,0.13743,12,2
6,467,0.4,1700,-3.8012,-0.57873,22.101,-7.9674,0.41418,12,2
7,468,0.4,1800,-4.5624,-2.0006,20.414,-7.7629,-0.95555,12,2
8,469,0.4,1900,0.36814,-0.76927,0.63739,-0.2462,-0.54169,1,2
9,470,0.4,2000,-3.8754,-2.0509,21.75,-8.3399,-0.36844,12,2
0,471,0.4,2100,-4.0263,-1.2301,21.756,-8.2808,-0.63053,12,2
1,472,0.4,2200,-13.542,-4.2338,63.443,-24.365,0.94514,34,2
2,473,0.4,2300,-15.732,-4.8658,74.504,-28.376,-1.3812,40,2
3,474,0.4,2400,-4.2239,-0.62862,21.043,-7.2828,0.89598,12,2
4,475,0.4,2500,-15.274,-5.3934,73.758,-24.387,0.70062,39,2
5,476,0.4,2600,-4.3391,-0.74312,20.414,-7.7657,0.13365,12,2
6,477,0.4,2700,-3.6042,-2.3954,20.775,-7.3575,0.79023,12,2
7,478,0.4,2800,-14.995,-5.7831,74.866,-24.831,0.2667,39,2
8,479,0.4,2900,-13.631,-3.5401,63.734,-24.48,0.56906,34,2
9,480,0.4,3000,-15.545,-5.4515,73.81,-28.205,-1.3469,40,2
0,481,0.4,3100,-15.755,-5.3902,75.121,-24.888,-0.55298,39,2
1,482,0.4,3200,-3.7945,-0.89802,21.596,-7.1624,0.81785,12,2
2,483,0.4,3300,-3.8672,-0.40065,21.802,-8.3542,-0.94971,12,2
3,484,0.4,3400,-4.2155,-1.4544,20.985,-7.28,-0.88508,12,2
4,485,0.4,3500,-4.2165,-2.1163,20.291,-7.604,0.82702,12,2
5,486,0.4,3600,-3.652,-1.9138,22.014,-7.596,0.79128,12,2
6,487,0.4,3700,-3.777,-0.52662,22.194,-8.2061,0.31987,12,2
7,488,0.4,3800,-3.8203,-1.1553,21.601,-8.021,0.017634,12,2
8,489,0.4,3900,-3.8448,-2.319,22.002,-7.5359,0.23157,12,2
9,490,0.4,4000,-3.7954,-1.8311,20.612,-7.6956,0.85624,12,2
0,491,0.4,4100,-3.7433,-1.6991,20.74,-7.5108,0.44598,12,2
1,492,0.4,4200,-4.5284,-0.56236,20.738,-7.6237,0.23599,12,2
2,493,0.4,4300,-16.312,-5.6232,74.471,-28.378,-0.55959,40,2
3,494,0.4,4400,-14.819,-4.6803,74.735,-24.769,-0.36868,39,2
4,495,0.4,4500,-4.1664,-0.62826,20.246,-7.2734,-0.51001,12,2
5,496,0.4,4600,-4.1996,-2.1292,20.631,-7.4505,-0.82563,12,2
6,497,0.4,4700,-4.1358,-1.2198,20.593,-7.6064,0.18594,12,2
7,498,0.4,4800,-3.9924,-1.9177,21.026,-7.459,-0.92932,12,2
8,499,0.4,4900,-4.5476,-2.2411,21.031,-7.029,0.6853,12,2
9,500,0.4,5000,-13.783,-3.745,62.83,-24.029,0.73719,34,2
0,501,0.5,100,-6.3163,-2.8622,53.568,-20.613,0.82569,23,2
1,502,0.5,200,-3.4093,-0.97321,26.926,-10.03,0.66644,12,2
2,503,0.5,300,-2.9453,-2.699,26.171,-10.026,-0.54927,12,2
3,504,0.5,400,-3.1003,-1.3877,27.17,-9.2083,-0.1248,12,2
4,505,0.5,500,-6.5377,-3.6198,52.619,-20.106,0.92878,23,2
5,506,0.5,600,-11.611,-6.008,92.043,-30.615,0.79627,39,2
6,507,0.5,700,-11.859,-7.0459,93.199,-35.643,-1.0018,40,2
7,508,0.5,800,-10.31,-4.2985,80.341,-30.892,0.80617,34,2
8,509,0.5,900,-11.689,-5.2648,93.153,-35.545,0.38742,40,2
9,510,0.5,1000,-3.1426,-0.90111,26.937,-9.2415,0.73012,12,2
0,511,0.5,1100,-2.5529,-2.4774,27.112,-9.6378,-0.13723,12,2
1,512,0.5,1200,-11.673,-5.3477,92.564,-35.448,-1.3645,40,2
2,513,0.5,1300,-6.3966,-3.7074,53.162,-20.313,0.94242,23,2
3,514,0.5,1400,-2.6286,-1.4147,27.227,-10.16,-0.85318,12,2
4,515,0.5,1500,-2.6046,-1.3607,27.183,-9.6475,0.4028,12,2
5,516,0.5,1600,-3.2137,-1.5752,26.15,-9.0103,-0.58492,12,2
6,517,0.5,1700,-6.3841,-2.8338,53.54,-20.599,0.52953,23,2
7,518,0.5,1800,-2.5204,-0.82147,26.507,-10.043,0.17139,12,2
8,519,0.5,1900,-3.418,-2.0518,26.022,-9.8201,0.49077,12,2
9,520,0.5,2000,-12.339,-6.5001,92.674,-35.364,-0.59354,40,2
0,521,0.5,2100,-9.9902,-6.1303,79.39,-30.429,-0.60164,34,2
1,522,0.5,2200,-6.2669,-4.461,53.66,-20.599,-0.14687,23,2
2,523,0.5,2300,-3.3823,-1.6964,26.039,-9.4643,0.90882,12,2
3,524,0.5,2400,-11.908,-6.9502,92.844,-30.871,-0.74879,39,2
4,525,0.5,2500,-2.7733,-2.2846,25.922,-9.7804,-0.21095,12,2
5,526,0.5,2600,-10.137,-4.3274,80,-30.843,0.73591,34,2
6,527,0.5,2700,-2.6715,-1.156,27.073,-10.337,0.89998,12,2
7,528,0.5,2800,-3.156,-1.4917,26.091,-9.766,0.97701,12,2
8,529,0.5,2900,-2.7138,-2.2707,25.501,-9.1814,0.25508,12,2
9,530,0.5,3000,-9.784,-4.7526,79.734,-30.633,0.68719,34,2
0,531,0.5,3100,-2.7756,-1.4464,26.726,-9.2524,0.58535,12,2
1,532,0.5,3200,-3.3173,-1.9317,27.495,-9.7524,-0.29367,12,2
2,533,0.5,3300,-2.5119,-2.1082,26.011,-9.1178,0.78581,12,2
3,534,0.5,3400,-6.3502,-2.5951,53.748,-20.676,-0.70662,23,2
4,535,0.5,3500,-12.267,-5.6698,92.645,-35.511,-1.4786,40,2
5,536,0.5,3600,-2.8492,-2.2403,27.324,-10.265,-0.92393,12,2
6,537,0.5,3700,-12.587,-5.8673,94.168,-35.977,-1.7688,41,2
7,538,0.5,3800,-2.9673,-1.918,26.427,-10.068,0.096317,12,2
8,539,0.5,3900,-2.9253,-1.7346,27.062,-10.42,0.101,12,2
9,540,0.5,4000,-10.43,-5.8422,79.61,-30.572,0.098313,34,2
0,541,0.5,4100,-12.213,-5.5291,92.917,-35.523,-0.73883,40,2
1,542,0.5,4200,-11.748,-5.499,92.638,-30.785,0.61227,39,2
2,543,0.5,4300,-3.1917,-1.7422,25.58,-9.7516,-0.22512,12,2
3,544,0.5,4400,-2.7742,-2.0859,27.363,-10.064,-0.99986,12,2
4,545,0.5,4500,-2.9082,-1.951,25.546,-9.7245,-0.1213,12,2
5,546,0.5,4600,-11.26,-5.764,92.908,-30.902,0.43939,39,2
6,547,0.5,4700,-2.6724,-1.9404,25.603,-9.104,0.75477,12,2
7,548,0.5,4800,-2.9932,-1.8527,27.269,-9.2926,0.29547,12,2
8,549,0.5,4900,-9.8656,-6.098,79.225,-30.538,0.72036,34,2
9,550,0.5,5000,-2.8886,-1.2871,25.813,-9.1007,-0.19915,12,2
